20:37:56 12/27/16 CST
Epoch:1 train error rate:4.18044
Epoch:1 train time:923.452382088 s
